3 300 3 3 0
1 1 1
171.368388376979080 57.427946278949662 1.005624632849878
153.865767716253030 47.447070734463942 30.708606482379064
155.091260765797390 50.486731532677240 26.563797489872467
150.406426199411730 47.077035604190890 23.670247579170969
147.594765669821040 30.663975101793959 12.068286297032429
154.651525997527980 25.666384139773260 12.876235364690290
177.922641513371050 50.161860484575449 23.941005548625355
175.756423096356510 58.894747953296303 11.361627247907649
166.985044820854990 31.820708132744272 27.998378772142956
165.889412498802330 30.514219230923075 2.305991690174924
163.421152586920930 39.223952059281444 9.690415465038917
147.073502793747140 47.462680247766720 25.358817553205533
159.881015204537560 56.342142877716725 28.547337154107900
176.090788718055620 35.616757462157189 24.725245234925584
163.028273632698440 40.781989283722673 16.069043428331984
155.411328500769630 48.889159519326419 16.363141947909106
178.332587184374430 33.509826701956747 18.630935395189962
161.110728113010280 47.941455436510800 5.313539334215665
153.075780188341240 45.955890890420932 2.323082370578684
169.124820693192080 40.421481772417145 28.566467142655508
161.369147082265130 39.910640391974596 29.996903502328397
162.062321642956900 36.764416051282694 31.512292101966622
157.179162949497940 56.784529848632907 23.072773234522256
144.787821062202850 46.224422285500225 3.618039917073100
157.084384860142360 51.913559809803004 2.250624901747967
174.667775889918740 37.187613682457688 8.703314724723695
150.479893697444000 33.706681418038670 10.859534564294618
144.199197235999890 41.636881883789201 4.935084852883811
175.743888200875890 54.322944300124988 23.730658058012274
152.657404346216590 43.217186351654085 14.853678742291512
159.397085917593980 38.720680081721248 11.624236405852837
181.235363008148170 49.826594483345367 16.304217541194156
163.118667485073300 48.480739619195049 16.780991551871086
173.755695471394830 53.049647195676386 8.578191215875759
161.227887501050730 54.361101571045509 -4.223927972656565
181.220239850762030 38.242079987578123 16.099117374365097
169.860137552227740 55.554071194288937 18.992066210362005
172.217614031762930 61.196471140226649 16.278817271560680
169.035763379336940 37.575521597730805 -4.769843539614403
151.181501826278830 29.298521341842772 5.483355663154333
177.435432074961570 47.438437755354613 0.187958014806927
168.156352190056990 46.960183437551947 15.781519470236862
170.290804069500920 29.208311559791991 2.192520152619162
161.708266900845080 59.965169921944948 25.097494010002109
173.472922129029430 42.178694967888781 -3.606003730623939
147.733899052336170 32.334355897141371 19.768410960060891
161.046378985191670 45.106343895795753 19.968045045473922
175.315467284661880 31.160516672378940 20.948469492572599
165.517387535084200 42.903017732921732 0.261286966111367
142.931598380687030 47.302895722904744 16.381891634009207
81.565025770095303 -3.302620729896944 102.631158132628910
157.759261876826140 35.211378313194700 15.827209042587901
85.025695087426669 -9.970611916572375 96.895295240134857
10.242747442628964 18.658992623593981 11.394426058365685
94.817976235913534 27.322422687143764 100.996730293189780
-10.495796715358971 20.358494538161242 10.986034080061362
23.703192998191540 11.133236777032941 -5.578471630908493
2.347930131738711 30.003235207498967 17.784152587936909
4.385502692210790 34.025516921942170 3.777727084636439
102.803888452643190 7.566273263361737 89.020793703225010
3.381095022210701 17.147842498730803 -5.651930409917497
102.926951438735560 4.738283007990755 105.981868464946070
90.087822989005460 6.277105008709102 102.481173130690480
12.123444124317459 15.734094833737428 26.012112764310860
153.155180328213790 37.124926621102112 19.570179463116798
92.357713709114890 8.331106814689655 94.560649066946624
-2.929040339279984 0.338969238776768 15.185336695723233
8.762333015138079 28.408019156019122 14.505102170378631
10.590165896022388 16.614219946884933 12.593612064222842
19.648270497525949 28.300394835042272 -2.362368702799659
-6.286554257346065 17.053811469247954 11.616306520341176
-2.432491424651436 22.298102273147009 21.593328741423136
77.550858196706528 0.132785881583427 82.648343286528089
166.885724703759190 42.658399699872795 32.344187222252323
92.582470318805562 -4.622415406573387 109.789431100414870
164.650691199939810 51.180494032972774 18.734718953905173
167.063982208156740 52.120424275725554 15.788645978608489
90.009738690560127 -2.705718209000770 112.972950909635670
2.165458911503556 11.357462159230108 25.285454731393340
83.595530688109818 28.722400001972915 105.055695492013800
80.524739647903544 8.957255734663571 98.188014821884565
4.393913558900582 20.265428945610154 17.416155963370258
68.722870208657895 21.262002801547755 97.967405824315676
79.419342186039543 5.781968705044349 116.936997017224310
156.734021297359560 41.305322889190421 31.897909311256978
65.732912037934412 7.663799058892698 94.486602600224359
6.801817831007334 11.459185130402407 8.862295676470257
164.241557356771890 47.535286134266435 3.496880711567174
90.141337284354648 4.376543698738797 107.868759785190970
8.749238942751525 3.556242180445395 17.956333383138766
-5.183891676689004 0.992898296734644 0.168235002884553
170.398600966424140 27.252450388214079 5.765824261313860
166.899573803807670 44.178497016854656 32.395560338286067
73.932222581920101 22.686823602629627 102.490634892963770
83.301891686559571 10.069086525425851 103.145367849105920
10.740400339683170 12.581643174764793 15.465613305532614
154.405418304988070 46.132586761378683 10.433094118399735
75.019569675017578 -1.556892121235228 105.894836076569990
18.899051341707441 7.747093492909601 -2.236037295563253
10.169867104906480 14.458197442102374 10.085691571509855
4.142678101976403 17.029323656187188 8.938205976501706
167.562390835136800 39.002046584999370 16.699050976852053
84.034075222588228 10.312571689710563 110.086996595166340
11.435623390638773 8.903290260425511 8.363234527989444
166.366040067158140 63.447235570515446 16.136540406421954
164.512026438324480 41.093423262865308 1.554827117664532
84.651532493804623 -2.627471987438662 104.467488881238550
92.439367769751797 -8.672066976285437 97.873495943653467
168.493904236978890 41.699034964275874 12.065836831081302
147.671010404779420 34.831490618831253 3.029627656001200
160.293956580564210 32.663077136313468 -3.347908157488522
102.218514133009710 18.989516657570753 92.753000025434602
178.172712877897110 55.319561013339325 7.938860825282157
3.339614983782507 5.153280660610445 23.453454410114563
93.920875018151776 0.931125680336930 101.719175659090540
5.045228962504849 15.206255919069855 19.145260477536020
16.306499864166081 26.033903802267929 -3.515469258244834
-2.364617216061994 5.761702330894387 17.463811139272689
156.710000684321610 48.783683060763344 -1.034322104312970
99.362657445346912 2.225973161732728 99.847314791123566
4.867902211311282 28.350344168729603 20.573403090776097
83.620256077672053 -2.843046966237745 113.529776960585310
12.641112540428978 23.587034073300885 13.023426083152010
164.954745626356700 41.549095527261578 1.463737990367616
0.430885712677611 21.686578503426418 -0.120242112889151
22.867788075930076 5.928292752535572 5.031420532097682
98.607980414794341 19.780912852590781 94.856951683097577
7.213055752968863 11.970276943320890 17.068414649363746
6.098344092191367 -0.240049954515149 13.787514943438250
93.499036914118264 4.983947970612531 115.781492857326500
11.942547123864358 6.106108497322872 4.734309506112928
97.180748563312804 9.371598257798755 87.522431320153927
14.053285705783869 20.022040487881185 14.153446309283900
171.613352053906540 50.997627983090950 7.084031056307556
85.381880325635990 8.296857283432749 90.787530990827165
71.413563826572343 20.356523503545795 88.201967781858954
-2.921755626529398 0.366081859282353 -2.325938663575797
102.671684577909190 5.950634760678330 107.196195571561590
80.248063374615015 0.024898026177986 93.123216642587010
10.148012776965489 28.466496192931348 20.680668519012073
83.476197799954022 8.833109520687044 87.919836173571383
65.710270653167854 14.103143507433526 99.606313202161260
2.079980451302468 12.855053090543310 25.452496351721422
86.369137947091673 29.862785634922901 100.120871316853680
100.177866507630870 23.032624511882084 100.791809545306990
11.908673458439102 4.854397570548034 20.321105393989065
80.251727482991299 -1.638769348834620 97.575789096390523
91.694351052099847 11.832677975748162 106.155913377941430
3.272459444201687 31.576726269768045 15.784618867160894
8.114607546893096 10.415781176398312 8.674762592396730
173.106436014276170 35.748695524315707 21.347251048812417
77.334806217434974 -7.444143804017608 104.093906942240640
84.711281602187853 -5.548995726010835 110.858930130047340
84.278699914481692 21.896812976917147 82.233242060474439
85.601954396210402 29.711406862559606 101.520705543748800
81.044274492030667 29.536041720431776 98.476400487299259
154.506654750732790 32.918259374464590 15.500158971828816
2.956196302132669 20.363357765320693 -2.986927467092921
78.538813010553767 3.424592779517641 103.985966739208730
151.859631307769210 53.564264367856602 27.067927883905284
70.225405058942442 14.954565569159250 99.680812141958185
91.962596780898195 7.886185712062380 107.847505171307650
159.759315548120870 34.796370904312397 11.106547903134365
75.849858766768548 5.936639429146909 88.888566239722451
147.959618171706840 53.532255171073977 13.280547610528471
166.379496441204570 41.101291174254925 32.275836480909270
90.727952593304011 11.142230219360350 79.071822101043523
104.086701562856720 10.508417968903791 104.926284939059260
8.621723037183374 20.545849549025249 7.600210356163744
-10.984151916719092 19.814193826588411 3.603870734123806
-0.417599992112155 -0.446191479688475 10.496805629677404
10.365520752148587 15.374317234813031 12.696177313316873
83.996686449991500 8.418507961335164 103.251394225002980
2.906894432555078 29.536828634174086 18.647678387611261
14.461672188750871 33.450309283970341 4.850604848264987
19.170459703492060 31.181360232422726 5.413714501759191
-3.193793364424097 19.914860129814386 -3.847137740221286
153.242101656758110 35.365700686997442 -2.579780999978315
16.414525855733384 12.473279927377021 -11.614024118975081
100.314366913454280 14.219686609381778 110.703453989117990
89.277812794376530 6.728170134510099 104.801775696455340
86.085732402743588 6.542702042876732 78.583817271860582
88.249216847747249 17.059205587881120 97.962431278794611
19.120663431084630 6.452534277485050 21.046508927085490
146.694143094366010 42.189559449585460 0.644920735482309
98.472665535819488 20.288354692244731 109.154672151364570
86.712122181023702 -0.669117490735214 100.142557775245900
-2.336631906649672 19.237859390257363 0.875922088366058
80.804946353646969 3.902986996070597 116.799520523949770
84.565617899728153 3.226497836868226 79.454718650584908
100.326409223566050 4.192640294566543 86.488683170871482
8.580004946033238 8.701371132072383 25.573860371334021
-5.590174147077345 7.148882374986226 -6.100965912133773
12.179563148403734 6.075776974461469 10.846441526907341
4.275207751605621 9.343719185287274 9.291728114932628
18.603431807560543 8.611069192220089 22.404174937504287
175.399131134178080 37.806731472718482 26.714320458473715
94.248145069946531 -5.557646998986884 107.060263082261400
79.717165591977434 6.318939662341906 96.784009622902971
89.214761129816537 5.962414310156388 112.784298595039170
19.931431538627852 2.243569925585431 -3.955729327228437
79.749229272526648 8.810693611116102 84.559513531213497
65.934812074708574 7.622896213058304 102.951595096095090
87.884316063536787 15.329859227479668 103.864852069554970
78.773368774301673 3.315634180272092 80.552758264189123
12.220606188038195 18.892081355105674 -4.500717883814841
6.016321803161073 1.909375478287696 11.750651456330552
2.343967919932147 19.545745760244639 -0.910372555002385
166.713594695219370 60.669569128779969 23.266591530961172
10.966181127869532 11.437505241312570 16.463844301466157
92.698563615980618 6.809346579070111 94.748485677114786
85.739551342685814 29.322561624855076 103.332757587673670
82.669655793837720 2.602404915570672 109.792544811221390
145.707305392827920 49.278615906777397 3.131357405139118
1.517366302994577 30.861735419691787 15.986064880050858
153.360295722275570 48.845569230733432 30.133883640029811
12.375060424589339 -1.499293871376132 17.588416160022518
173.388765929437110 58.945484830749010 20.576856542283622
3.348921794498216 18.518633954644706 -4.696063249328298
9.895027769266447 -5.361816971208651 6.602109076963250
8.386601762668700 17.739191421246428 -6.274416459980293
164.464874206428650 50.996897519365476 15.989657779166468
0.226344482909568 27.455234778775790 19.557122265081144
174.630749737970400 33.699550499968247 24.795556305490486
8.727714983850078 24.481561996785750 3.862417482988549
9.907575108814433 28.292848384321964 -7.968027347434057
-8.668207680587621 12.127928859366893 -4.169575730290020
15.269952221019516 33.184278818581461 5.182171244097310
86.072010499596701 8.411824594368607 101.864474927206660
81.735707971473090 8.893068905014825 104.099605135613800
150.279110735837460 49.562440841518324 7.599314698196790
4.872799233874996 19.154305229243185 -7.786851787127469
170.749527464314350 60.929309999307094 19.780355115098423
81.423360114018379 12.106252866239858 95.089559272085125
80.612265624262832 6.824098320346533 79.067058699751016
98.919531798214280 9.058649501367160 91.416191839091013
86.042444686036234 6.617326538815078 78.569105361957924
13.153549883660999 25.606061078410093 18.645989051330790
77.674597498964189 11.213863463610350 79.792808332760913
175.346279171713830 34.452527791252692 1.159574651016083
82.981198115879749 8.806375157381947 92.715739846300920
81.260264757468960 9.077987746481684 95.969587781123039
8.024938128705649 -0.133991285340844 -7.114631195772442
-8.452784709475058 25.599071269072041 8.471143350108559
3.637288218585749 21.106192636875825 -3.631851695573917
94.052371702479661 10.994246122785141 80.344804111348253
178.020058697711680 56.211860213406005 15.878507554100565
6.925362326408118 33.969078947867125 11.124195081173117
-1.118143214860956 -1.683599829395011 13.615843486967901
157.925225219617540 39.408308905205587 31.838298593686151
0.021581721131767 23.902880430669622 5.493407998814872
10.933431807608734 10.009612801673624 8.931444000251346
104.955074375854920 6.914835595452069 96.956735059602650
92.684857908043085 23.495038642746486 85.544634084459290
88.949628048351471 3.183664331618063 105.734035657205880
20.043357359898543 13.731253179781406 -9.565185302517566
158.286329031258870 35.670559870326834 16.191575390537448
103.803006386376470 5.168286565911609 92.604837761963253
73.148520934187033 -3.407503906303457 106.908236567625720
87.461593973882614 11.421534967690219 103.368187353696920
65.810532175272584 8.216314677589017 93.843480127896058
179.994320750265050 35.772979394823764 17.358753758551018
101.024206757696760 5.388243766847698 103.604433136138040
160.834840301534430 40.349865872147440 12.883767460011201
167.816137334965930 46.843025060939375 -6.134614888751116
0.392704269335265 32.237254586764813 1.165038951112607
168.483134633649170 35.733876290993265 6.270048194406793
15.055150233776505 20.324588790563183 -3.146410877911646
-0.087817537279308 1.094195378653463 18.773103074381972
163.263028331592750 44.593666876063949 32.889784964395034
90.194559778518965 13.321214302007229 82.175583747475571
8.908163905666148 2.658349856110693 9.640640035391598
13.627647288796414 7.079481906517329 -11.250728192517418
6.642343241553139 15.271519424169940 2.484212510729624
26.528278091747385 14.172225379953099 -1.307126521381544
156.012676494103290 27.334694025288822 21.743771885837404
-6.397254893646977 28.220450448843415 8.223635418237565
25.380621212316498 5.090067617522555 3.024609600112016
87.555093030112047 28.794385209493505 91.889597976809867
68.796155956991385 18.242624228659313 106.110528155464450
103.976682301978290 3.459343356115055 95.774181741841332
166.216224844897990 48.001420301430009 12.258224982256582
87.469493659655939 10.020429819110634 92.370900932717873
-0.714423524482099 6.357647984469756 0.551901122928078
73.250693318410356 4.181783588994780 98.339364148205561
10.757474494138357 9.996700118608731 12.234977482953823
170.571158551400430 57.208731543500633 20.590930103826498
84.337574005471680 26.885948510750673 87.617662538477035
98.234271539247345 -4.360156042822645 103.302262394858770
-2.891568191813510 19.713723606138707 18.104846653613588
87.440164406570005 -2.076802204087004 106.414857591589680
16.610478896899824 2.316855414550469 0.781335319681394
17.474220569069821 9.679542967683613 -10.524437470968582
82.124462622417667 -2.787490101336099 113.343663056634270
85.055026927991719 13.989266697305787 96.930037255624427
7.634980827328167 -3.790580871811230 14.402988094213759
5.793169199848144 29.426575091122764 19.630922182343109
6.100596719179094 8.558240648581036 16.330368055579726
89.877885169844447 -8.527798297767378 104.256222382030960
164.570963465390010 30.182996123704626 -1.261784273520682