3 300 3 3 0
1 1 1
116.770082611930210 -16.433219707325488 32.896692026637915
108.332973645536670 -10.595539308544826 43.874288053497168
106.965802355204150 0.914425874279254 25.464555454662886
112.197170997428630 -10.504401542069344 33.562826596589431
117.007398547001240 -11.651992040482591 23.136857374882805
104.265651876954390 3.622669628228325 27.372454550635794
106.775884755824450 -8.492049618463350 43.939220163738732
112.165889307365160 -8.870107824626281 30.521640240786958
111.512400431363520 -5.826963803969232 26.420332900213388
116.339963791189820 -12.530675023743939 26.567023073502771
106.621136854813200 -0.827807074632255 29.698276806514464
110.087628541611420 -3.915949867866233 26.505980838733706
112.816298734169410 -9.428722258707168 29.882915172734187
115.637855161939740 -11.801730819363886 27.015863047368640
113.970930046162780 -10.810372860224543 29.494300300304690
115.642781036354280 -17.320475702884515 37.549650666807075
117.305042389554740 -17.777095515157050 34.061526019987213
109.308702741652430 -7.856015253628768 36.079148210001343
109.939004663192350 -3.236280705015921 25.596983374898901
118.447941307103690 -14.218453636376992 24.262442951354416
109.566133568565330 -10.387994426606973 40.242597648763471
114.444981912638280 -16.621511831266901 39.356173894188608
116.001664232806450 -17.481387543360604 36.915674486761716
111.646810309061620 -14.299745453216861 42.259805960888983
106.443494376451600 -5.906385501066634 39.869823041124242
118.646098057970510 -16.501667048831141 28.105982431201689
110.930028699856860 -13.581802045340883 42.768162157938548
102.392569904599070 0.269179551429486 38.695031883721221
112.536797044868610 -8.458415342988229 28.761831836158642
105.756678332773020 -1.745915196745966 33.720656597848020
108.317348194815620 -10.575686885040788 43.877340301390035
118.347526853509050 -13.841081950767702 23.804685205182302
105.695004337181660 -6.859375381540513 43.654633948814116
117.542718235447140 -11.626653069418417 21.684081319971824
104.952429738652200 -2.977952370660076 38.185022883503201
111.824265928238690 -4.221210389046469 22.533480699623638
118.483818983285360 -17.044542916717440 29.569177496935566
106.244550630092830 0.589263399738786 27.978087298880418
113.291571668257660 -6.785251104788869 23.584230110790529
109.800668469886020 -11.332719258362898 41.432757174385536
110.859780752954410 -3.778783629003093 24.218191291015181
102.235330426114810 1.094143749080974 37.530967442574998
118.188016485330690 -17.456769942479454 31.132977233781812
118.586644286963330 -14.865951528879064 25.135985222921207
109.765899371217000 -8.716609489431880 36.524400032370963
111.461734522724360 -14.118803669554080 42.399539153819994
113.427643753420450 -4.640102007535855 19.127729185972679
117.614291897901210 -17.743716584093661 33.186454938556324
102.364918650474320 0.388847578188878 38.538877838749777
104.991970779557760 -5.698860367826557 43.281138161322083
3.275883712184140 3.213972663697074 8.158497337819009
12.202022438460904 2.265104442549937 2.784598766796747
11.992576304321890 0.578150331674486 1.876368769705000
16.358250162251792 20.335356463772499 11.484865489717656
60.004373594885024 46.757616822309515 53.006012273633758
118.629983384451880 -15.137919768803833 25.542040392855984
10.583721108673739 3.522833124360254 4.415887686635620
63.270026824269912 46.515577252563347 52.308472959022531
21.868576094819041 12.468462362945978 3.761283385540563
111.763912301110340 -11.546776044105929 36.691483540992380
48.990627320185638 47.239591206583398 50.602697788037538
7.948869393778356 -0.323317016559281 3.505201811326688
69.296754325622118 46.654777238376532 59.355356132537132
68.349682071049614 46.527291487092121 56.745649045926179
15.346740946732670 22.355916403524411 13.251498242422098
-1.515962824259248 6.669879543667112 12.826457431542725
116.875130962812430 -13.150912895806774 26.348389938103999
16.356496693298403 3.137037862629889 1.078332439392495
115.862818955503870 -16.544251885457200 35.488987350737062
15.184934884957880 2.260983180034813 1.178155705693094
68.559882610755196 46.354888453136638 54.469928154121448
1.160474458385963 1.782146403355057 8.429516735382864
-1.278816495832121 11.175229608352915 15.425330811405191
47.325134092341386 47.757095921012493 56.564017009770382
112.109738396220890 -9.352870374071308 31.591539121549228
18.057551804776796 19.046956324615344 9.791461016901755
61.512396241043639 47.858363051032796 69.931985061193842
0.582056263496021 15.356046946094912 16.954716960812483
55.061612935721080 47.992650758481815 66.418964559583429
13.218339095308288 10.799946133461837 7.402929146201629
114.374928557305580 -16.574120924240937 39.449383698057957
12.367989370915641 0.728984399446155 1.765780974144796
68.752583596115755 46.054633985976992 50.360803739173662
107.351916368593540 -4.177528263839679 34.182711337546820
2.843610587355189 0.654795261654536 6.842262650112589
53.325890273152751 47.487405051633800 57.772578094554653
6.846910006448025 8.230332098259334 9.273936767572618
103.284235190975760 0.632763633604821 35.661012670421371
104.835197707330550 3.432283635451865 26.242155626932160
6.283748102146388 19.076563945289998 16.140298517819375
52.935821058295204 46.704323771876737 46.305280863401791
14.763557177128730 1.983393137901047 1.236753520480807
59.507939647444687 46.885077588239668 54.401787107879606
14.936045330527815 16.714150090401752 10.058247900622895
111.245845360406120 -1.907880757530644 19.629966716225248
55.248543052272922 47.438758913055075 58.696987353893434
107.389930806159550 1.852090958574330 22.559957761571049
107.162438274979950 -2.378798504070820 31.242286745897484
66.264421271897248 46.020657683349889 47.785655013144719
19.199064158963317 6.124657356424924 1.357791474995947
55.868677950830552 47.022573739765797 53.298094293321469
0.505229149526729 15.236295537946331 16.923560893224977
54.911814938070705 46.509470711184022 45.194735864975300
8.760340541637518 1.881204782056248 4.402918955834739
63.170565407275724 46.637949340068289 53.965601781881979
69.803935591745400 47.083610720624101 65.881923091418201
11.588343150982407 7.670574359400455 6.385674652691183
11.329286701343033 0.340053854535766 2.088944949476847
115.548051398089510 -11.166812247769993 26.038079104565490
109.020508750434790 -0.502625363879009 22.782347098939404
57.381386302729531 47.004563006927533 54.313647046127826
12.066191689300725 8.080218012353374 6.376623348152874
11.743844737592923 0.484647213579276 1.953531883697242
12.843609721253801 6.778952334913844 5.171141635963384
110.005916861288140 -0.550546445814250 20.288819387786230
7.795206097421061 10.282620470104648 10.005958147691450
53.963909618519672 46.598942007393553 45.670550476005907
6.739336376567643 6.487923196515586 8.277370471180646
56.054055258473042 48.133292526234882 69.253959751357939
4.360390968916674 0.058394626238686 5.665762143691078
13.878635791575904 21.367128859246343 13.442556828649089
52.041728395632276 47.990720481212911 63.852645070600801
5.734696001868239 17.937660597052322 15.746329029711177
102.868970526748030 3.535640009949468 31.202812026020585
59.186446889569218 47.995822411215862 69.931889838262961
48.425685572114169 47.352003474137881 51.726811660610899
109.596586872085520 -0.132400934234301 20.563545442296842
112.332270306147420 -11.976135418902807 36.020995706093693
-1.223083295552605 11.385074971718735 15.522349241979187
61.617331423687162 46.732605452777861 54.006261914686711
117.971579583213040 -17.613010700984237 31.999362398588737
67.525336133139518 46.773416836088380 59.553751566914123
15.622846090837584 17.264497049632109 10.021986286449431
108.610465061949980 -6.136013114924189 34.623851676827144
112.174862224897040 -7.348629201758828 27.590448001829674
115.015370529050260 -16.982165411047344 38.549057364300168
9.432334650488556 6.708510626227486 6.962799198031673
21.535132282254565 10.850391623571618 2.961412906873161
20.021946762457489 10.200139932846326 3.381575032849171
13.449528966135869 6.141883900462341 4.459812570830195
7.590089327215881 12.231329048872396 11.295503169811171
113.595737815931840 -9.755938002325230 28.463476003425384
48.946570491651549 47.247719067046162 50.681277683439319
67.951994480212733 47.308141452495846 67.518927047497144
7.263060865722068 11.350579297013400 10.938369160504434
6.724224668924208 12.289432455072740 11.796250342928801
118.044029800740060 -12.894824026758435 22.792510345074753
67.892988824544432 46.560487354924803 56.833912789860477
13.232265967341355 15.292979469670216 10.114376996140429
9.087463391189949 8.805749553254525 8.417374338511001
9.374137305169903 7.780697053745003 7.642920852427528
17.819128639084596 4.487758940219813 1.109239121317158
11.356774153330866 8.226793003459463 6.846785093147043
62.452113257932638 47.794443689181776 69.812763640356380
51.811683763827475 46.831449987861930 47.168577302377265
70.577916940646915 46.973865182429591 64.971486201378710
18.370990396459689 21.077933498094346 10.851956801221338
14.128178295180945 8.807493682902905 5.707974730231536
13.964161992362985 14.677888933491797 9.348608464931900
64.525464392644039 47.484201972394544 67.142660390642149
117.741470508967770 -12.100979740699440 22.069148568651364
4.735618430693767 19.716986431873799 17.360295528680098
21.362729527474052 17.315525796156983 6.966459405325582
57.860565878493155 47.472781373799855 61.376924021457327
12.628954736462905 7.119933991615742 5.492907622227900
68.981553340959977 47.188859540350009 66.687702645972294
65.315418107457887 46.321848899249460 51.272270379723835
107.428104032325610 0.882535174799530 24.312703939059560
59.816789864184791 46.139452037940316 44.054890837587813
106.387591675116910 -3.416859222608825 35.258817512893586
10.024586276003481 16.879402784004228 12.799202318808634
58.511412164237036 46.224264217016632 44.163897061203016
18.812975333839248 20.758377934729651 10.420918566265103
20.546061743890359 18.895693196175344 8.361822170058339
53.677647590109423 47.187576855494946 53.803238391450961
19.207413696281595 20.431531509634283 10.011034687383983
21.215413460137157 17.671947986535024 7.261360179872789
65.972310944189871 45.868634272433759 45.377534903616407
56.047621272343122 47.994445861615688 67.273451637995066
65.108540005310275 45.892607307872289 44.992367327557915
15.677941977094299 17.435434028658371 10.095802195805859
13.420557030968006 22.595051493133621 14.431942671732628
63.693072689726748 46.423054303269311 51.347991428650396
105.560648002503630 0.811820654911339 29.346906977584524
-1.640998320040531 8.779653314554892 14.170409547090626
47.480719022399249 47.632483954053995 54.922209678950921
10.923376515860289 7.672325256534431 6.744295024463202
17.340014227116463 21.668974486911537 11.763990981071245
112.313119899879030 -14.924990375947157 41.706704141857983
4.526101711398139 0.011551570740872 5.548310578495872
55.116182756024067 46.641896602789664 47.250314118830282
114.861549454009560 -11.966855232547100 29.367978870067816
115.360953910090030 -15.465406101226378 34.743824057061133
59.783066961278159 47.396669425474556 61.910503582572368
59.769838570088723 46.142341237251046 44.056517163667039
17.296322902773088 21.689928798749747 11.800164745559641
109.661263668737230 -0.197474845161437 20.518233906153036
13.279486828760440 15.178346687845979 10.019616301229489
70.191795212868570 45.850487546046821 48.666779354469135
8.809911043149761 21.856627804406049 16.464290951879192
103.671785428343440 -3.201561279810834 41.971982769421487
11.075883887980629 5.106196183364286 5.109409825989823
70.397457084556038 45.855854474066838 48.916027056913315
62.655662285743752 45.987064133169746 44.273848906330535
67.194301706005746 46.760763958221268 59.095458410884007
59.838112375089224 47.419812900460656 62.285997861477419
110.765116623654190 -9.616657107461530 35.623119395542318
102.223978685000670 1.180080803255066 37.396515707093769
111.556444003359530 -9.273798817238848 32.891933937338237
10.523913323578276 14.083819537590324 10.838974832207052
61.718084873284646 47.844790420502392 69.911839337029832
18.965588311156409 20.636960938828636 10.265381787628488
65.629862407101683 47.539678558863208 68.860300503980170
59.826740894291682 47.960910050743465 69.973564772862716
12.961883726528443 12.443540659209969 8.535441337895431
66.699675969030196 46.017112511316903 48.101149816566156
60.483777105227041 47.922771912248649 69.983428313458830
61.095160067782118 47.256202332903278 61.015449885888899
7.659257462412199 13.040938906881593 11.748241933158933
18.901398729757737 5.732999527879931 1.280840113189312
67.838380077192284 45.836827554817859 46.493914851123670
53.269799974011022 47.306398797132225 55.150601456901803
110.142739152248580 -4.629063338462048 27.724214358026149
115.392978744969060 -17.193838574920015 37.962966647756630
51.979829772518670 46.811529061992417 47.026564206743835
8.431081072839966 -0.285271021436319 3.268933940039924
13.698736867057624 18.060871763273695 11.538525881016739
56.997044031089686 46.917138806098571 52.746912354088181
9.022924769703177 13.318831509484479 11.183146381101581
58.808953015780411 46.574654969266845 49.398365498018109
65.746509996580272 45.874387403154330 45.269539233736261
67.172623015847279 46.415432353540609 54.164877901280924
111.104182031628440 -13.760476461427997 42.652749707242009
11.381312977066692 9.100228561068505 7.362145392772733
11.612748214796547 14.655035422900305 10.599163194139740
55.322365118576272 47.289151990096229 56.630886605888065
47.342537962960819 47.729206273115480 56.181917420709397
72.757864881828311 46.543918907183595 60.688198655253309
57.597048394217630 46.916519704369207 53.242538076829355
2.545623076159297 0.812746463911237 7.098077613645329
69.666749858088920 47.101892479975795 66.026647739678538
108.831266966293580 -4.778536029717437 31.450368204318647
21.966663005981403 13.708095135623408 4.458698365350195
7.853306314650766 5.116232382375284 6.848303198849980
5.757844430286536 13.713217738530917 13.177481505165083
106.072303726483280 2.786942668975664 24.230037995545359
110.137204914464480 -4.316603868824865 27.141600763778676
68.925304267508039 46.338920651342917 54.550000926060861
55.567582503379363 47.647164688219753 61.929788400278753
102.257773767501120 0.943365168966994 37.760238324022708
73.020051173551138 46.094527729120088 54.516016298579700
64.377180792808929 46.561139014573833 53.887391296801496
116.665076254725590 -17.699959530753674 35.592993499286280
65.319030618563687 47.343734604465986 65.811669623668848
62.871373575297639 46.986279469103302 58.669075858009251
117.784769927945580 -12.208600834901141 22.161228861956307
0.005265272908586 3.030013852980217 9.805827778020342
2.242984805514110 10.320097085410634 13.014135335079184
1.623765232832620 1.408673823660124 7.954394476031861
58.871113016966326 46.442269583724666 47.567437290920680
65.614189070946878 46.246766276564166 50.455398411110409
14.122283507583045 22.549765029368672 14.027210747311635
56.852319326053568 48.103743052819212 69.504729702408710
70.807417851290467 45.869411153773925 49.453531358973670
20.720171793734810 8.665901592785870 2.077694147657934
13.390916758771505 1.200886624632531 1.501309458455292
47.631870073853406 47.568093863602826 54.133333153872272
71.729819525712941 45.918568408830161 50.928271755741079
59.349510127602763 46.168740263404871 44.078668006068895
5.319955325402825 20.121735918192893 17.291022430971232
10.851107333953667 13.522561092016389 10.323395823285741
69.521691560133604 46.193940554942493 52.989045207696705
11.739457866379725 20.204346264574326 13.889167355980955
8.290099003906624 9.222772686818232 9.098486530400161
55.172867587305483 47.110812430590983 53.968314973732667
7.218476992895653 4.682692068186904 6.927304077667602
20.213240850423098 7.688062084354896 1.758542561630378
106.857713228739440 -7.538345446077507 41.901956458489821
104.719345437277300 3.477573658683058 26.459528712357411
73.273819951500997 46.263002661027635 57.125925602712393
47.400909306195850 47.882901362744100 58.417309429773162
53.988435047391548 48.189918726765988 68.322872353172016
112.145080166403460 -6.843315252045501 26.702887368573791
8.532835195995792 20.283552663564670 15.661339577472290
62.006483962010797 46.678992474147186 53.570781546560305
63.591340860131666 47.710238097699786 69.572701323858112
116.893919394450390 -13.082568395129996 26.168489429629027
56.557317646082090 47.127261311886691 55.366228390797417
56.495245697641522 46.989223236658667 53.350446840677598
63.999932662419816 46.186940309143445 48.247242762433459
117.130498275321020 -11.913252470715006 23.313206047407846
15.803635032859372 17.974783206471734 10.354599916836015
72.930054538942230 46.070790510844112 54.102691995373320
52.707152091958889 47.173641233513806 52.789093851840590
72.431986890806712 45.985540512286214 52.471274819543524
50.850879724438130 47.426942866402264 54.831723594221458
50.870123909316355 47.997468095114208 62.963645054616812
3.254637932733628 18.507709008582321 17.424849006596723
71.903826641732991 46.747318046311776 62.863556498284396
10.580078423457135 1.349364511389590 3.102582815470345